chosen: 0.8336673346693386
by_cost: 0.8336673346693386
by_topk: 0.02647693973499067
